[gd_scene load_steps=10 format=3 uid="uid://dsdhmt2levt8y"]

[ext_resource type="Script" path="res://CharacterBody3D.gd" id="1_fejjh"]

[sub_resource type="BoxShape3D" id="BoxShape3D_ynv3r"]

[sub_resource type="StandardMaterial3D" id="StandardMaterial3D_077r8"]
albedo_color = Color(0, 1, 0.105882, 1)

[sub_resource type="BoxMesh" id="BoxMesh_mjtsw"]
material = SubResource("StandardMaterial3D_077r8")

[sub_resource type="WorldBoundaryShape3D" id="WorldBoundaryShape3D_2lddx"]

[sub_resource type="PlaneMesh" id="PlaneMesh_qvqtm"]

[sub_resource type="BoxShape3D" id="BoxShape3D_vqknw"]

[sub_resource type="StandardMaterial3D" id="StandardMaterial3D_b7ga7"]
albedo_color = Color(0, 0.141176, 1, 1)

[sub_resource type="BoxMesh" id="BoxMesh_ccpqv"]
material = SubResource("StandardMaterial3D_b7ga7")

[node name="Node3D" type="Node3D"]

[node name="CharacterBody3D" type="CharacterBody3D" parent="."]
transform = Transform3D(1, 0, 0, 0, 1, 0, 0, 0, 1, 0, 4.50733, 0)
disable_mode = 2
script = ExtResource("1_fejjh")

[node name="CollisionShape3D" type="CollisionShape3D" parent="CharacterBody3D"]
shape = SubResource("BoxShape3D_ynv3r")

[node name="MeshInstance3D" type="MeshInstance3D" parent="CharacterBody3D/CollisionShape3D"]
mesh = SubResource("BoxMesh_mjtsw")

[node name="Camera3D" type="Camera3D" parent="CharacterBody3D"]

[node name="DirectionalLight3D" type="DirectionalLight3D" parent="."]
transform = Transform3D(0.757918, 0.387538, -0.524761, 0, 0.804417, 0.594065, 0.65235, -0.450253, 0.609682, 0, 4.83237, 2.4312)
shadow_enabled = true

[node name="Floor" type="StaticBody3D" parent="."]
collision_layer = 3
collision_mask = 3

[node name="CollisionShape3D" type="CollisionShape3D" parent="Floor"]
shape = SubResource("WorldBoundaryShape3D_2lddx")

[node name="MeshInstance3D" type="MeshInstance3D" parent="Floor"]
transform = Transform3D(100, 0, 0, 0, 100, 0, 0, 0, 100, 0, 0, 0)
mesh = SubResource("PlaneMesh_qvqtm")

[node name="Box" type="RigidBody3D" parent="."]
transform = Transform3D(0.904299, 0.4269, 0, -0.423087, 0.896221, 0.133364, 0.0569329, -0.1206, 0.991067, 0, 3.69907, -8.13452)
collision_layer = 3
collision_mask = 3
mass = 64.49
freeze_mode = 1

[node name="CollisionShape3D" type="CollisionShape3D" parent="Box"]
shape = SubResource("BoxShape3D_vqknw")

[node name="MeshInstance3D" type="MeshInstance3D" parent="Box"]
mesh = SubResource("BoxMesh_ccpqv")

[node name="Box2" type="RigidBody3D" parent="."]
transform = Transform3D(0.827265, -0.55003, -0.114455, 0.421024, 0.741843, -0.521927, 0.371983, 0.383584, 0.845276, 3.05022, 3.69907, -4.88478)
mass = 64.49
freeze_mode = 1

[node name="CollisionShape3D" type="CollisionShape3D" parent="Box2"]
shape = SubResource("BoxShape3D_vqknw")

[node name="MeshInstance3D" type="MeshInstance3D" parent="Box2"]
mesh = SubResource("BoxMesh_ccpqv")
